
A = M*N

     1     0     1     0     0     0
     0     1     0     0     0     0
     1     1     0     0     0     0
     1     0     0     1     1     0
     0     0     0     1     0     1

>> [U,E,V]=svd(A)




U = M*M

    0.4403   -0.2962   -0.5695    0.5774   -0.2464
    0.1293   -0.3315    0.5870   -0.0000   -0.7272
    0.4755   -0.5111    0.3677   -0.0000    0.6144
    0.7030    0.3506   -0.1549   -0.5774   -0.1598
    0.2627    0.6467    0.4146    0.5774    0.0866


E = M*N

    2.1625         0         0         0         0         0
         0    1.5944         0         0         0         0
         0         0    1.2753         0         0         0
         0         0         0    1.0000         0         0
         0         0         0         0    0.3939         0


V = N*N

    0.7486   -0.2865   -0.2797   -0.0000    0.5285   -0.0000
    0.2797   -0.5285    0.7486   -0.0000   -0.2865    0.0000
    0.2036   -0.1858   -0.4466    0.5774   -0.6255    0.0000
    0.4466    0.6255    0.2036    0.0000   -0.1858   -0.5774
    0.3251    0.2199   -0.1215   -0.5774   -0.4056    0.5774
    0.1215    0.4056    0.3251    0.5774    0.2199    0.5774


>> B=U*E*V'

B =

    1.0000    0.0000    1.0000   -0.0000   -0.0000    0.0000
   -0.0000    1.0000         0    0.0000    0.0000    0.0000
    1.0000    1.0000   -0.0000   -0.0000   -0.0000    0.0000
    1.0000   -0.0000   -0.0000    1.0000    1.0000   -0.0000
   -0.0000   -0.0000   -0.0000    1.0000   -0.0000    1.0000
